81,35
74,7
74,5
74,3
74,1
73,4
73,3
73,1
72,91
72,90
10,2
72,89
10,1
72,88
10,3
72,87
72,86
72,85
72,84
72,83
72,82
11,2
72,81
11,1
72,80
11,3
72,79
72,78
72,77
72,76
72,75
9,2
72,74
9,1
72,73
9,3
72,72
72,71
72,70
72,69
72,68
72,67
72,66
72,65
72,64
72,37
72,36
72,35
72,34
72,33
72,32
72,31
72,30
72,29
72,28
72,27
72,26
72,25
72,24
72,23
72,22
72,21
72,20
72,19
72,18
72,17
72,16
72,15
72,14
72,13
72,12
72,11
72,10
72,9
72,6
72,2
72,0
70,5
70,3
70,1
69,4
69,3
69,1
68,3
68,1
67,5
67,4
67,3
67,1
66,5
66,3
66,1
64,5
64,4
64,3
64,1
63,4
63,3
63,1
20,3
20,2
20,1
19,3
19,2
19,1
18,3
18,1
12,3
12,2
14,4
